0.06775555722415447
0.06371111247688532
0.0675555569678545
0.07451111275702715
0.0746222236007452
0.07520000156015158
0.08133333496749401
0.08277777984738349
0.08657777942717075
0.08866666838526725
0.09331111337989569
0.09462222419679164
0.09782222449779511
0.1002444463595748
0.09862222477793693
0.1030000026896596
0.10408889159560203
0.10646666876971722
0.1092222248762846
0.11720000185072423
0.11308889150619507
0.11820000279694795
0.1170888913422823
0.11840000208467245
0.11491111394017935
0.12113333612680435
0.12182222478091717
0.12691111363470553
0.12204444766044617
0.12364444740116597
0.12882222510874272
0.12462222501635552
0.12691111393272878
0.12780000247061252
0.13237778015434742
0.1334666693210602
