46.088914680480954
4.3385187292099
3.8103474378585815
3.5669553446769715
3.4868866753578187
3.4387181210517883
3.4010820269584654
3.3697966647148134
3.343271405696869
3.3188130235671998
3.3051341462135313
3.299128303527832
3.284940452575684
3.2676168847084046
3.252152361869812
3.258965847492218
3.2474913930892946
3.232253396511078
3.228023090362549
3.198240418434143
3.1970239973068235
3.1869057488441466
3.1820899438858032
3.183059284687042
3.182165777683258
3.1642105054855345
3.168084955215454
3.1475753712654115
3.1654369926452635
3.1524148869514463
3.1372147035598754
3.1578172492980956
3.1437740230560305
3.1437087154388426
3.1308926820755003
3.126690375804901
